--------------------------CENTROIDS--------------------------
Centroid 0: 0.331067 0.710457 0.621434 0.321983 0.306499 0.353732 0.621735 0.298750 0.296276 0.300453 
Centroid 1: 0.295647 0.302846 0.316525 0.675525 0.342580 0.268131 0.657882 0.518979 0.344237 0.707262 
Centroid 2: 0.678043 0.614882 0.721189 0.694146 0.283497 0.286109 0.610757 0.662173 0.724336 0.470076 
Centroid 3: 0.650200 0.709441 0.323403 0.615765 0.365804 0.732334 0.709682 0.270702 0.559357 0.680028 
Centroid 4: 0.318497 0.692751 0.312042 0.694444 0.626008 0.319062 0.277424 0.329529 0.690158 0.403153 
Centroid 5: 0.660289 0.286208 0.354124 0.686327 0.699638 0.622043 0.352712 0.705978 0.683400 0.694432 
Centroid 6: 0.362570 0.328864 0.680329 0.366665 0.278049 0.569031 0.308648 0.304739 0.719498 0.696948 
Centroid 7: 0.302907 0.699766 0.680798 0.701826 0.424787 0.682689 0.300296 0.677817 0.314035 0.631649 
Centroid 8: 0.712051 0.709321 0.680778 0.324545 0.638309 0.736485 0.340366 0.490377 0.662795 0.303530 
Centroid 9: 0.300857 0.689002 0.551605 0.292992 0.711746 0.455099 0.710247 0.644304 0.678580 0.728817 
Centroid 10: 0.678223 0.682079 0.279307 0.277235 0.322833 0.355997 0.286464 0.663897 0.416006 0.644289 
Centroid 11: 0.635628 0.677908 0.350370 0.638268 0.720541 0.465363 0.691221 0.707950 0.263954 0.305403 
Centroid 12: 0.686482 0.299714 0.322795 0.291987 0.575072 0.294498 0.686984 0.351704 0.701489 0.361890 
Centroid 13: 0.281733 0.467926 0.293662 0.458602 0.295087 0.702535 0.589424 0.716376 0.676127 0.275941 
Centroid 14: 0.337689 0.296454 0.681811 0.370901 0.626988 0.281612 0.300606 0.735161 0.449407 0.309409 
Centroid 15: 0.346534 0.334192 0.713079 0.727229 0.693541 0.644509 0.718545 0.324015 0.575566 0.352536 
Centroid 16: 0.698484 0.316580 0.425462 0.699575 0.288601 0.551766 0.282244 0.335220 0.331866 0.281785 
Centroid 17: 0.714244 0.526492 0.707455 0.536505 0.718113 0.290036 0.437447 0.284756 0.314343 0.724227 
Centroid 18: 0.684282 0.298188 0.683764 0.315100 0.369034 0.685860 0.710095 0.673854 0.305914 0.595007 
Centroid 19: 0.327697 0.379306 0.281257 0.303898 0.708228 0.710205 0.384777 0.317151 0.287222 0.551519 

Total iterations: 100
Total time taken: 98.698912 seconds


--------------------------CENTROIDS--------------------------
Centroid 0: 0.270397 0.679125 0.662747 0.351878 0.269642 0.345497 0.329296 0.336438 0.651326 0.335276 
Centroid 1: 0.336402 0.346913 0.328610 0.268426 0.332724 0.265250 0.655619 0.654964 0.339809 0.659895 
Centroid 2: 0.668787 0.662177 0.658677 0.727272 0.339509 0.266886 0.661211 0.659589 0.660427 0.664048 
Centroid 3: 0.341609 0.728702 0.340459 0.663066 0.357738 0.670189 0.666520 0.266377 0.345396 0.678987 
Centroid 4: 0.343855 0.729241 0.338353 0.670314 0.671765 0.341282 0.332616 0.726473 0.329514 0.353544 
Centroid 5: 0.345475 0.337451 0.339042 0.649427 0.666082 0.340007 0.324276 0.338914 0.735648 0.730895 
Centroid 6: 0.655828 0.272897 0.662149 0.322446 0.333228 0.654546 0.666488 0.271467 0.659674 0.659602 
Centroid 7: 0.342281 0.331158 0.730888 0.655037 0.329158 0.659087 0.273087 0.658423 0.337950 0.669561 
Centroid 8: 0.665817 0.645734 0.672509 0.731605 0.663894 0.737307 0.350388 0.339450 0.659331 0.335507 
Centroid 9: 0.268306 0.657739 0.665129 0.335331 0.727301 0.654139 0.660784 0.675496 0.668077 0.655227 
Centroid 10: 0.666604 0.664121 0.273080 0.339809 0.342153 0.673933 0.264053 0.659734 0.654592 0.654242 
Centroid 11: 0.728096 0.327075 0.341832 0.652028 0.728022 0.664422 0.667063 0.663131 0.344848 0.664619 
Centroid 12: 0.657736 0.664716 0.266494 0.335614 0.665435 0.341695 0.727877 0.345542 0.669719 0.337786 
Centroid 13: 0.325540 0.346192 0.334757 0.677718 0.331381 0.648828 0.656672 0.656963 0.728831 0.275742 
Centroid 14: 0.660754 0.270452 0.662833 0.338407 0.643239 0.336840 0.339398 0.736443 0.659548 0.323326 
Centroid 15: 0.336486 0.341465 0.726106 0.657461 0.668016 0.325620 0.731479 0.334026 0.341245 0.349522 
Centroid 16: 0.724127 0.343761 0.336131 0.668973 0.268206 0.347434 0.338665 0.331354 0.335043 0.336726 
Centroid 17: 0.666751 0.654461 0.667663 0.336500 0.666927 0.343435 0.336936 0.343020 0.267528 0.726262 
Centroid 18: 0.649568 0.662554 0.653475 0.345934 0.342033 0.662557 0.671709 0.662466 0.264677 0.261999 
Centroid 19: 0.336626 0.334989 0.336646 0.268050 0.658703 0.731031 0.341781 0.341055 0.342360 0.331364 

Total iterations: 300
Total time taken: 1491.923685 seconds

Centroid 0: 0.264375 0.314231 0.334764 0.614091 0.335309 0.258109 Centroid 15: 0.654451 0.364170 0.307015 0.295065 0.258403 0.409344 0.661489 0.419416 0.774584 0.468991 
Centroid 16: 0.700293 0.670300 0.257774 0.351916 0.493242 0.343133 0.745829 0.603975 0.245711 0.576004 
Centroid 17: 0.494652 0.578430 0.729240 0.287247 0.742221 0.257850 0.672314 0.331305 0.661889 0.455659 
Centroid 18: 0.635066 0.687278 0.307553 0.530493 0.745313 0.758424 0.683704 0.556150 0.430556 0.369760 0.259018 
Centroid 1: 0.705677 0.458182 0.380048 0.436666 0.243746 0.685191 0.292388 0.624563 Centroid 10: Centroid 5: 0.207700 0.433408 0.340145 0.530307 0.705391 0.272177 0.498382 0.618898 0.211018 0.643618 0.574742 0.570716 0.647990 0.752650 0.326418 0.335676 0.660374 
Centroid 11: 0.401008 0.215052 0.385531 0.416004 0.788065 0.638400 0.457226 0.637785 0.473603 0.253122 
0.588447 0.446711 Centroid 12: 0.774899 0.622084 
Centroid 6: 0.421077 0.357328 0.237542 0.534553 0.427843 0.692415 0.582854 0.710417 0.597026 
Centroid 19: 0.654741 0.707023 0.550810 0.625506 0.638790 0.681194 0.610454 0.228853 0.326755 0.269439 
0.265745 0.213582 0.458507 0.645091 
Centroid 7: 0.391422 0.686957 0.307207 0.715497 0.239413 0.620100 0.461847 0.703903 0.684426 0.644916 
Centroid 8: 0.406886 0.620144 0.741073 0.690941 0.287000 0.425020 0.425213 0.292293 0.275972 
Centroid 2: 0.218991 0.623719 0.598890 0.249061 0.336947 0.658611 0.738299 0.593836 0.406517 0.543912 
Centroid 3: 0.246181 0.682874 0.216572 0.526212 0.708759 
Centroid 9: 0.686743 0.701467 0.746417 0.655568 0.610971 0.409278 0.670301 0.461779 0.307741 
Centroid 4: 0.678885 0.288540 0.697485 0.720157 0.470889 0.387285 0.549194 0.738461 0.717500 0.639157 
0.599121 0.782043 0.473281 0.287772 0.228063 0.494894 0.628452 0.313357 0.314901 
Centroid 13: 0.625254 0.657815 0.316681 0.574483 0.670386 0.255200 0.252566 0.405172 0.710052 0.522809 0.580105 0.393720 0.660430 0.493701 0.228437 0.642608 0.260624 0.758575 
0.362556 
Centroid 14: 0.429144 0.418712 0.757215 0.276644 0.433375 0.702450 0.269995 0.472326 0.753063 0.438140 


Total iterations: 300
Total time taken: 1291.901934 seconds


Centroid 0: 0.285920 0.287096 0.331106 0.717860 0.693617 0.554592 0.634575 0.650955 0.648039 0.701185 
Centroid 1: 0.733135 0.256604 0.539409 0.520606 0.418687 0.759107 0.685676 0.656222 0.316594 0.315953 
Centroid 2: 0.461659 0.613123 0.652439 0.687135 0.743781 0.745369 0.415687 0.292652 0.274433 0.583660 
Centroid 3: 0.275182 0.627930 0.684695 0.732972 0.299827 0.499106 0.742184 0.318925 0.601682 0.606047 
Centroid 4: 0.314006 0.711913 0.366683 0.250240 0.614092 0.342142 0.473257 0.242054 0.659180 0.630635 
Centroid 15: 0.729028 0.394631 0.266669 0.490831 0.750908 0.442436 0.548643 0.397298 0.638314 0.292211 
Centroid 16: 0.753701 0.726014 0.666662 0.286392 0.334448 0.530075 0.589749 0.282170 0.421191 0.349984 
Centroid 17: 0.342283 0.774356 0.618238 0.710782 0.461080 0.299773 0.286911 0.562364 0.517745 0.252734 
Centroid 18: 0.285504 0.272142 0.416520 0.438791 0.283767 0.339094 0.473723 0.345345 0.321412 0.239097 
Centroid 19: 0.740929 0.768278 0.607549 0.571829 0.676378 0.281503 0.479987 0.661801 0.505387 0.732114 
Centroid 5: 0.393012 0.460540 0.603926 0.269018 0.703175 0.556655 0.211324 0.632458 0.689218 0.284950 
Centroid 6: 0.450692 0.464864 0.548788 0.216564 0.312355 0.381240 0.592049 0.771102 0.494277 0.755535 
Centroid 7: 0.600119 0.371262 0.698229 0.669381 0.363977 0.759691 0.219418 0.667781 0.604361 0.549103 
Centroid 8: 0.501039 0.297760 0.318439 0.305948 0.351674 0.724627 0.414762 0.290903 0.350582 0.720498 
Centroid 9: 0.740268 0.747003 0.250705 0.614339 0.436108 0.731380 0.564633 0.462348 0.636501 0.680001 
Centroid 10: 0.745350 0.406090 0.514620 0.726740 0.384394 0.222000 0.600804 0.658095 0.282503 0.375328 
Centroid 11: 0.436893 0.301731 0.631661 0.438417 0.757339 0.251188 0.334697 0.440449 0.253457 0.636660 
Centroid 12: 0.566740 0.354663 0.389126 0.643211 0.245311 0.255756 0.326354 0.431608 0.772588 0.599707 
Centroid 13: 0.286838 0.724078 0.261254 0.494881 0.488556 0.639184 0.599433 0.712281 0.291030 0.346221 
Centroid 14: 0.349223 0.426920 0.730246 0.296987 0.614089 0.678083 0.769641 0.548144 0.705678 0.346133 


Total iterations: 100
Total time taken: 79.257236 seconds


Centroid 0: 0.373631 0.424581 0.220069 0.268037 0.716055 
Centroid 1: 0.324232 0.595387 0.266367 0.539633 0.220675 
Centroid 2: 0.746465 0.524214 0.642192 0.393812 0.192207 
Centroid 3: 0.265510 0.370458 0.627800 0.787909 0.580967 
Centroid 4: 0.700584 0.791812 0.467940 0.659621 0.673462 
Centroid 5: 0.305520 0.536556 0.783181 0.243186 0.550649 
Centroid 6: 0.795269 0.216722 0.479231 0.540759 0.612753 


Total iterations: 100
Total time taken: 12.923855 seconds


Running for 100000 data points...
Serial BFS: 100000 data points, 31.927211 seconds
Parallel BFS (OpenMP): 100000 data points, 4 threads, 0.000374 seconds
Running for 200000 data points...
Killed



Running for 100000 edges...
Parallel BFS (OpenMP): 100000 edges, 0.000326 seconds
Running for 200000 edges...
Parallel BFS (OpenMP): 200000 edges, 0.000173 seconds
Running for 1000000 edges...
Parallel BFS (OpenMP): 1000000 edges, 0.000146 seconds



Process 0 visits vertex 0 at level 0
Process 0 visits vertex 0 at level 1
Process 0 visits vertex 0 at level 2
Process 0 visits vertex 0 at level 3
Process 1 visits vertex 1 at level 1
Process 1 visits vertex 1 at level 2
Process 1 visits vertex 1 at level 3
Process 2 visits vertex 2 at level 1
Process 2 visits vertex 2 at level 2
Process 2 visits vertex 2 at level 3
Process 2 visits vertex 2 at level 4
Process 2 visits vertex 2 at level 5
Total time taken: 0.003881 seconds
Process 0 visits vertex 0 at level 4
Process 0 visits vertex 0 at level 5
Total time taken: 0.003262 seconds
Process 1 visits vertex 1 at level 4
Process 1 visits vertex 1 at level 5
Total time taken: 0.000207 seconds
Total time taken: 0.000138 seconds

